//Exemplo soma
#include <stdio.h>

int main(){
	char buffer[12] = {42, 0, 0, 32, 10, 48, 11, 16, 12, 240, 7, 5};
	FILE *arq = fopen("entrada.bin", "wb");
	fwrite(buffer, 1, 12, arq);
}


// Exemplo divisão
#include <stdio.h>

int main(){
	char buffer[135] = {42, 0, 0, 32, 134, 48, 132, 96, 16, 135, 32, 133, 48, 135, 16, 133, 32, 138, 48, 131, 16, 138, 32, 133, 144, 34, 163, 46, 131, 3, 0, 32, 138, 48, 132, 16, 138, 32, 133, 48, 134, 16, 139, 240, 0, 0, 0, 0, 0, 0, 0, 0, 0, 0, 0, 0, 0, 0, 0, 0, 0, 0, 0, 0, 0, 0, 0, 0, 0, 0, 0, 0, 0, 0, 0, 0, 0, 0, 0, 0, 0, 0, 0, 0, 0, 0, 0, 0, 0, 0, 0, 0, 0, 0, 0, 0, 0, 0, 0, 0, 0, 0, 0, 0, 0, 0, 0, 0, 0, 0, 0, 0, 0, 0, 0, 0, 0, 0, 0, 0, 0, 0, 0, 0, 0, 0, 0, 0, 0, 0, 0, 1, 255, 15, 5};
	FILE *arq = fopen("entrada.nar", "wb");
	fwrite(buffer, 1, 135, arq);
}
